0 1 0 0 11.4420 0.5000 71.48 86.40 112.917 113.184
0 1 0 0 10.9810 0.5000 73.00 86.20 112.660 113.035
4 1 0 0 10.3870 0.5000 70.18 83.60 113.086 113.375
4 1 0 0 10.1420 0.5000 70.77 83.10 112.791 113.074
8 1 0 0 10.8770 0.5000 74.83 84.70 112.757 113.145
8 1 0 0 10.9000 0.5000 74.94 83.30 112.970 113.270
12 1 0 0 14.5010 0.4047 64.17 85.90 113.708 114.227
12 1 0 0 13.4230 0.4372 67.77 83.80 113.562 114.102
16 1 0 0 11.2660 0.5000 67.90 84.50 113.076 113.617
16 1 0 0 11.2700 0.5000 69.84 82.10 113.007 113.453
20 1 0 0 9.3410 0.5000 75.78 84.00 113.037 113.309
20 1 0 0 9.1310 0.5000 78.13 86.70 112.654 112.926
24 1 0 0 11.3610 0.5000 66.65 79.50 113.274 113.715
24 1 0 0 11.6130 0.5000 56.82 79.90 113.135 113.590
28 1 0 0 11.3420 0.4820 57.80 81.70 112.512 112.965
28 1 0 0 11.5140 0.4748 57.33 76.20 112.698 113.430
32 1 0 0 11.9910 0.4738 55.78 88.60 112.455 112.898
32 1 0 0 10.9950 0.5000 60.55 88.10 112.960 113.293
36 1 0 0 10.8660 0.4846 60.63 80.30 113.039 113.383
36 1 0 0 11.1110 0.4739 59.73 82.30 112.848 113.199
40 1 0 0 12.4210 0.4389 61.26 83.80 112.689 112.852
40 1 0 0 13.3620 0.4080 58.78 82.80 112.309 112.684
44 1 0 0 10.9650 0.5000 57.25 71.40 113.216 113.484
44 1 0 0 10.6570 0.5000 58.27 77.20 112.882 113.238
48 1 0 0 9.9130 0.5000 57.07 90.60 112.598 112.910
48 1 0 0 10.2690 0.5000 55.85 83.40 112.435 112.758
52 1 0 0 10.2130 0.5000 60.45 89.90 112.670 112.953
52 1 0 0 10.0020 0.5000 62.63 90.40 112.833 113.129
56 1 0 0 10.8150 0.4857 57.67 84.50 112.977 113.227
56 1 0 0 10.6710 0.4923 59.49 84.40 113.076 113.395
60 1 0 0 11.8470 0.4616 58.15 86.00 112.567 112.777
60 1 0 0 12.4660 0.4387 55.35 86.30 112.358 112.559
64 1 0 0 10.6210 0.5000 56.64 83.80 112.838 113.332
64 1 0 0 10.5450 0.5000 57.54 84.60 113.016 113.422
68 1 0 0 10.0380 0.5000 62.18 77.10 112.552 112.848
68 1 0 0 9.9490 0.5000 64.19 89.20 112.708 113.023
72 1 0 0 12.1790 0.4319 57.23 79.00 112.846 113.145
72 1 0 0 11.9830 0.4390 58.45 92.90 113.542 113.957
76 1 0 0 10.6100 0.5000 62.22 87.80 113.110 113.316
76 1 0 0 10.5380 0.5000 60.72 87.50 112.870 113.238
80 1 0 0 14.3540 0.3878 52.93 89.40 113.251 113.770
80 1 0 0 11.6960 0.4759 55.43 82.70 113.343 113.809
84 1 0 0 11.6110 0.4652 57.30 81.40 112.556 112.801
84 1 0 0 11.8050 0.4575 56.85 84.40 113.125 113.488
88 1 0 0 11.6430 0.4523 58.63 84.60 112.913 113.430
88 1 0 0 11.1890 0.4706 59.10 79.60 112.488 113.012
92 1 0 0 11.7530 0.4421 53.73 81.10 112.949 113.426
92 1 0 0 11.6970 0.4442 53.12 86.30 113.099 113.656
96 1 0 0 10.7340 0.5000 56.83 82.90 113.341 113.891
96 1 0 0 10.7300 0.5000 55.91 87.00 112.762 113.105
100 1 0 0 10.9420 0.4928 57.47 86.00 113.242 113.555
100 1 0 0 11.1330 0.4844 57.17 75.90 112.794 113.348
104 1 0 0 11.3710 0.4968 54.35 85.10 113.044 113.211
104 1 0 0 11.2420 0.5000 55.46 90.10 112.537 112.941
108 1 0 0 9.6250 0.5000 64.27 86.70 112.324 112.727
108 1 0 0 9.9710 0.5000 63.38 89.40 112.478 112.840
112 1 0 0 14.1260 0.4228 52.37 76.20 112.986 113.438
112 1 0 0 16.2100 0.3684 51.17 81.20 113.024 113.570
116 1 0 0 10.4330 0.5000 60.46 84.40 112.892 113.340
116 1 0 0 10.9650 0.4791 57.50 84.90 112.670 112.945
120 1 0 0 11.2820 0.5000 51.91 75.30 112.845 113.273
120 1 0 0 11.7790 0.4860 51.65 75.00 112.754 113.180
124 1 0 0 10.7380 0.5000 59.59 85.30 112.752 113.133
124 1 0 0 10.8410 0.5000 59.49 84.90 112.784 113.266
128 1 0 0 11.1410 0.4981 60.87 92.40 113.031 113.305
128 1 0 0 10.7910 0.5000 60.03 83.80 112.673 112.941
132 1 0 0 12.0220 0.4518 53.61 79.50 113.109 113.598
132 1 0 0 13.3590 0.4066 51.79 81.50 112.783 113.113
136 1 0 0 10.9640 0.5000 52.56 76.60 113.427 113.844
136 1 0 0 10.4810 0.5000 52.68 81.00 113.085 113.566
140 1 0 0 11.0480 0.4919 56.57 81.20 112.904 113.398
140 1 0 0 11.3280 0.4797 53.12 82.30 113.114 113.578
144 1 0 0 10.5570 0.5000 58.17 87.40 113.507 113.895
144 1 0 0 10.6080 0.5000 57.83 84.40 112.933 113.258
148 1 0 0 10.7120 0.5000 59.61 87.70 112.884 113.184
148 1 0 0 10.7400 0.5000 58.03 85.30 113.024 113.324
152 1 0 0 11.0080 0.5000 56.51 84.80 113.107 113.488
152 1 0 0 10.7770 0.5000 55.68 78.10 113.315 113.652
156 1 0 0 9.4620 0.5000 65.07 90.90 112.790 112.922
156 1 0 0 9.5930 0.5000 61.97 89.40 112.908 113.172
160 1 0 0 10.4720 0.5000 51.71 75.70 113.128 113.578
160 1 0 0 10.6190 0.5000 50.08 77.60 112.936 113.492
164 1 0 0 10.2230 0.5000 57.73 82.60 112.888 113.125
164 1 0 0 10.7510 0.5000 58.30 92.90 113.268 113.699
168 1 0 0 11.1030 0.5000 53.04 81.30 113.296 113.707
168 1 0 0 10.7940 0.5000 53.73 75.60 113.007 113.645
172 1 0 0 11.6540 0.4595 57.82 82.70 112.649 113.047
172 1 0 0 10.7240 0.4993 59.67 85.40 112.757 113.176
176 1 0 0 16.1980 0.3359 49.43 83.90 112.979 113.312
176 1 0 0 11.3540 0.4793 53.75 76.10 112.970 113.523
180 1 0 0 11.1580 0.5000 53.90 84.30 112.943 113.484
180 1 0 0 11.0850 0.5000 54.42 78.40 113.266 113.617
184 1 0 0 10.8540 0.5000 55.65 83.40 113.140 113.590
184 1 0 0 10.9330 0.5000 55.06 77.20 113.552 114.039
188 1 0 0 12.9950 0.4291 48.94 85.60 113.121 113.637
188 1 0 0 13.1850 0.4229 49.46 74.80 112.983 113.883
192 1 0 0 12.5220 0.4437 50.31 84.80 113.266 113.531
192 1 0 0 12.6900 0.4378 49.90 82.80 113.152 113.684
196 1 0 0 10.5240 0.5000 52.82 84.70 113.488 114.082
196 1 0 0 10.3850 0.5000 49.84 84.10 113.472 114.070
200 1 0 0 10.7540 0.4966 50.58 82.50 113.096 113.496
200 1 0 0 10.7720 0.4958 51.18 81.20 112.848 113.285
204 1 0 0 10.7180 0.5000 53.92 85.30 112.603 113.078
204 1 0 0 10.7440 0.5000 52.54 81.30 113.074 113.449
208 1 0 0 11.4470 0.5000 48.44 85.00 112.578 113.238
208 1 0 0 10.1710 0.5000 54.08 82.00 112.910 113.266
212 1 0 0 11.0180 0.5000 57.30 84.40 112.868 113.047
212 1 0 0 10.6270 0.5000 59.48 86.30 112.780 113.023
216 1 0 0 11.8490 0.4720 54.33 82.30 112.876 113.160
216 1 0 0 11.3130 0.4944 55.53 82.60 112.764 113.258
220 1 0 0 11.5920 0.4876 52.35 84.30 112.859 113.359
220 1 0 0 12.3540 0.4575 50.40 77.80 113.059 113.488
224 1 0 0 12.4700 0.4390 49.07 81.10 112.685 112.832
224 1 0 0 11.7340 0.4666 51.32 77.90 113.082 113.270
228 1 0 0 15.0440 0.4173 51.54 90.70 113.145 113.770
228 1 0 0 14.8880 0.4216 52.28 83.10 113.167 113.797
232 1 0 0 10.7690 0.5000 56.58 83.00 112.971 113.309
232 1 0 0 10.9490 0.5000 53.58 81.30 112.937 113.293
236 1 0 0 10.0080 0.5000 58.58 92.40 112.730 113.059
236 1 0 0 10.2030 0.5000 58.67 91.70 113.045 113.348
240 1 0 0 11.9120 0.5000 53.65 83.90 112.895 113.344
240 1 0 0 12.7870 0.4999 52.82 86.50 112.926 113.098
244 1 0 0 10.2300 0.5000 51.16 80.70 113.145 113.605
244 1 0 0 10.5680 0.5000 51.29 82.40 113.406 113.906
248 1 0 0 10.9980 0.5000 53.62 79.20 112.956 113.551
248 1 0 0 10.9840 0.5000 53.40 77.80 112.937 113.496
252 1 0 0 13.2290 0.3887 55.05 87.10 112.855 113.160
252 1 0 0 13.2890 0.3869 54.76 76.20 112.576 112.941
256 1 0 0 11.3370 0.4685 50.00 82.90 113.424 113.883
256 1 0 0 10.8640 0.4889 50.36 85.10 112.981 113.438
260 1 0 0 14.6610 0.3909 50.66 73.90 113.065 113.324
260 1 0 0 12.4640 0.4598 49.33 78.70 113.040 113.480
264 1 0 0 17.2780 0.3457 51.11 80.70 113.331 113.789
264 1 0 0 17.6890 0.3376 48.27 80.90 113.370 113.699
268 1 0 0 10.6210 0.5000 51.56 75.00 113.234 113.766
268 1 0 0 11.0870 0.4962 51.12 77.40 113.457 113.832
272 1 0 0 11.7610 0.4593 49.34 81.30 113.163 113.555
272 1 0 0 11.1560 0.4842 50.90 80.80 113.525 113.781
276 1 0 0 11.9180 0.5000 49.14 80.20 112.806 113.039
276 1 0 0 13.2390 0.4758 47.42 87.90 113.393 113.918
280 1 0 0 12.1270 0.5000 50.15 86.60 113.405 113.785
280 1 0 0 12.6310 0.5000 49.84 82.30 113.322 113.594
284 1 0 0 28.3590 0.1960 47.32 87.80 113.761 114.305
284 0 1 0 9.9120 0.0000 48.81 62.60 113.004 113.691
288 1 0 0 12.1640 0.5000 52.02 84.30 113.068 113.562
288 1 0 0 13.3800 0.4666 51.86 77.70 112.976 113.516
292 1 0 0 11.0640 0.5000 52.63 83.60 113.067 113.508
292 1 0 0 12.1030 0.4935 50.53 81.50 112.914 113.344
296 1 0 0 10.9190 0.5000 51.23 81.70 113.136 113.367
296 1 0 0 10.9200 0.5000 52.20 85.30 112.845 113.207
300 1 0 0 32.2000 0.1250 80.16 103.90 113.399 113.887
300 1 0 0 29.7570 0.1250 81.46 104.60 113.346 113.797
304 1 0 0 30.7650 0.1250 75.80 104.80 113.318 113.574
304 0 1 0 19.7460 0.0000 87.26 100.80 113.729 114.117
308 1 0 0 22.9350 0.1250 81.35 93.50 113.126 113.457
308 1 0 0 25.0890 0.1250 77.67 94.10 113.329 113.582
312 1 0 0 26.0570 0.1250 84.01 103.60 112.622 112.867
312 0 1 0 21.5140 0.0000 86.67 104.40 113.005 113.195
316 1 0 0 29.4750 0.1250 82.26 103.10 113.537 113.914
316 1 0 0 30.2710 0.1250 82.69 101.80 113.344 113.715
320 1 0 0 31.0090 0.1250 79.17 100.20 113.305 113.723
320 1 0 0 25.6320 0.1250 82.91 100.30 113.747 114.109
324 1 0 0 27.4630 0.1250 80.97 99.50 113.721 114.082
324 0 1 0 8.1550 0.0000 76.76 94.60 112.816 113.074
328 0 1 0 14.1090 0.0000 86.22 98.80 113.292 113.590
328 0 1 0 15.5210 0.0000 83.40 98.90 113.395 113.762
332 1 0 0 23.3460 0.1250 82.32 97.30 113.057 113.324
332 1 0 0 20.9600 0.1250 82.84 95.90 112.947 113.418
336 0 1 0 17.7190 0.0000 80.54 102.00 113.219 113.738
336 0 1 0 18.4210 0.0000 81.21 99.60 113.121 113.617
340 0 1 0 15.4280 0.0000 77.72 102.60 112.969 113.344
340 0 1 0 26.1110 0.0000 67.55 98.90 113.396 113.582
344 0 1 0 10.6900 0.0000 80.19 113.70 113.648 114.254
344 1 0 0 20.9400 0.1250 84.03 97.70 113.449 113.734
348 1 0 0 35.1290 0.1250 78.84 98.90 113.324 113.762
348 0 1 0 3.3010 0.0000 62.33 73.00 112.431 112.598
352 0 1 0 4.0230 0.0000 64.59 78.60 113.121 113.246
352 0 1 0 3.2710 0.0000 68.95 86.10 113.210 113.480
356 1 0 0 34.5780 0.1250 78.57 99.70 113.549 113.816
356 0 1 0 8.7570 0.0000 78.93 103.20 113.438 113.820
